
vec<- 5:10

vec
